CFL        = 0.3
t_tot      = 100
output_dt  = 10

foutput_root = ./out/
foutput_pre  = SteadySphere
foutput_aft  = boot

gamma_hydro = 1.4

dimension  = 3

x1min      = 1
x1max      = 10
nx1        = 256

x2min      = 0                      # 1.0471975512  
x2max      = 3.14159265358979323846/4 # 2.09439510239  
nx2        = 1

x3min      = 0
x3max      = 1
nx3        = 25

# dust inputs
num_species = 5
srho = 3
smin = 1e-5
smax = 1e0

# scales
length_scale = 1
time_scale = 1
mass_scale = 1